0 1200 65
0.01 1059.41 88.0203
0.02 939.094 112.251
0.03 836.678 137.265
0.04 750.047 162.057
0.05 677.216 185.325
0.06 616.289 206.126
0.07 565.484 224.186
0.08 523.21 239.7
0.09 488.093 253.027
0.1 458.977 264.493
0.11 434.888 274.341
0.12 415.002 282.764
0.13 398.622 289.929
0.14 385.159 295.989
0.15 374.114 301.084
0.16 365.068 305.345
0.17 357.671 308.892
0.18 351.629 311.831
0.19 346.699 314.257
0.2 342.681 316.255
0.21 339.408 317.895
0.22 336.743 319.239
0.23 334.575 320.339
0.24 332.812 321.237
0.25 331.378 321.969
0.26 330.212 322.567
0.27 329.265 323.053
0.28 328.496 323.449
0.29 327.871 323.771
0.3 327.363 324.033
0.31 326.951 324.247
0.32 326.616 324.42
0.33 326.344 324.56
0.34 326.123 324.675
0.35 325.943 324.768
0.36 325.798 324.843
0.37 325.68 324.904
0.38 325.584 324.954
0.39 325.506 324.995
0.4 325.442 325.027
0.41 325.391 325.054
0.42 325.349 325.076
0.43 325.315 325.093
0.44 325.288 325.107
0.45 325.265 325.119
0.46 325.247 325.128
0.47 325.233 325.136
0.48 325.221 325.142
0.49 325.211 325.147
0.5 325.203 325.151
0.51 325.197 325.155
0.52 325.191 325.157
0.53 325.187 325.16
0.54 325.184 325.161
0.55 325.181 325.163
0.56 325.179 325.164
0.57 325.177 325.165
0.58 325.175 325.166
0.59 325.174 325.166
0.6 325.173 325.167
0.61 325.173 325.167
0.62 325.172 325.168
0.63 325.171 325.168
0.64 325.171 325.168
0.65 325.171 325.168
0.66 325.17 325.168
0.67 325.17 325.169
0.68 325.17 325.169
0.69 325.17 325.169
0.7 325.17 325.169
0.71 325.169 325.169
0.72 325.169 325.169
0.73 325.169 325.169
0.74 325.169 325.169
0.75 325.169 325.169
0.76 325.169 325.169
0.77 325.169 325.169
0.78 325.169 325.169
0.79 325.169 325.169
0.8 325.169 325.169
0.81 325.169 325.169
0.82 325.169 325.169
0.83 325.169 325.169
0.84 325.169 325.169
0.85 325.169 325.169
0.86 325.169 325.169
0.87 325.169 325.169
0.88 325.169 325.169
0.89 325.169 325.169
0.9 325.169 325.169
0.91 325.169 325.169
0.92 325.169 325.169
0.93 325.169 325.169
0.94 325.169 325.169
0.95 325.169 325.169
0.96 325.169 325.169
0.97 325.169 325.169
0.98 325.169 325.169
0.99 325.169 325.169
