1 0.000000 0.200117
2 1.000000 0.198231
3 2.000000 0.196360
4 3.000000 0.194505
5 4.000000 0.192666
6 5.000000 0.190842
7 6.000000 0.189034
8 7.000000 0.187241
9 8.000000 0.185463
10 9.000000 0.183701
11 10.000000 0.181954
12 11.000000 0.180222
13 12.000000 0.178506
14 13.000000 0.176804
15 14.000000 0.175118
16 15.000000 0.173446
17 16.000000 0.171789
18 17.000000 0.170147
19 18.000000 0.168520
20 19.000000 0.166908
21 20.000000 0.165310
22 21.000000 0.163726
23 22.000000 0.162158
24 23.000000 0.160603
25 24.000000 0.159063
26 25.000000 0.157537
27 26.000000 0.156026
28 27.000000 0.154528
29 28.000000 0.153045
30 29.000000 0.151575
31 30.000000 0.150120
32 31.000000 0.148679
33 32.000000 0.147251
34 33.000000 0.145837
35 34.000000 0.144437
36 35.000000 0.143051
37 36.000000 0.141678
38 37.000000 0.140318
39 38.000000 0.138972
40 39.000000 0.137640
41 40.000000 0.136321
42 41.000000 0.135015
43 42.000000 0.133722
44 43.000000 0.132442
45 44.000000 0.131176
46 45.000000 0.129922
47 46.000000 0.128682
48 47.000000 0.127454
49 48.000000 0.126239
50 49.000000 0.125037
51 50.000000 0.123847
52 51.000000 0.122671
53 52.000000 0.121506
54 53.000000 0.120354
55 54.000000 0.119215
56 55.000000 0.118088
57 56.000000 0.116973
58 57.000000 0.115871
59 58.000000 0.114780
60 59.000000 0.113702
61 60.000000 0.112636
62 61.000000 0.111582
63 62.000000 0.110539
64 63.000000 0.109509
65 64.000000 0.108490
66 65.000000 0.107483
67 66.000000 0.106488
68 67.000000 0.105504
69 68.000000 0.104532
70 69.000000 0.103572
71 70.000000 0.102622
72 71.000000 0.101684
73 72.000000 0.100758
74 73.000000 0.099842
75 74.000000 0.098938
76 75.000000 0.098044
77 76.000000 0.097162
78 77.000000 0.096291
79 78.000000 0.095430
80 79.000000 0.094581
81 80.000000 0.093742
82 81.000000 0.092914
83 82.000000 0.092096
84 83.000000 0.091289
85 84.000000 0.090493
86 85.000000 0.089707
87 86.000000 0.088931
88 87.000000 0.088165
89 88.000000 0.087410
90 89.000000 0.086665
91 90.000000 0.085931
92 91.000000 0.085206
93 92.000000 0.084491
94 93.000000 0.083786
95 94.000000 0.083091
96 95.000000 0.082406
97 96.000000 0.081730
98 97.000000 0.081064
99 98.000000 0.080408
100 99.000000 0.079761
101 100.000000 0.079124
102 101.000000 0.078496
103 102.000000 0.077878
104 103.000000 0.077269
105 104.000000 0.076669
106 105.000000 0.076078
107 106.000000 0.075496
108 107.000000 0.074923
109 108.000000 0.074359
110 109.000000 0.073804
111 110.000000 0.073258
112 111.000000 0.072721
113 112.000000 0.072192
114 113.000000 0.071672
115 114.000000 0.071161
116 115.000000 0.070658
117 116.000000 0.070164
118 117.000000 0.069678
119 118.000000 0.069200
120 119.000000 0.068730
121 120.000000 0.068269
122 121.000000 0.067816
123 122.000000 0.067370
124 123.000000 0.066933
125 124.000000 0.066503
126 125.000000 0.066081
127 126.000000 0.065667
128 127.000000 0.065260
129 128.000000 0.064861
130 129.000000 0.064469
131 130.000000 0.064084
132 131.000000 0.063707
133 132.000000 0.063337
134 133.000000 0.062973
135 134.000000 0.062617
136 135.000000 0.062267
137 136.000000 0.061925
138 137.000000 0.061589
139 138.000000 0.061259
140 139.000000 0.060936
141 140.000000 0.060619
142 141.000000 0.060309
143 142.000000 0.060005
144 143.000000 0.059707
145 144.000000 0.059415
146 145.000000 0.059129
147 146.000000 0.058849
148 147.000000 0.058575
149 148.000000 0.058307
150 149.000000 0.058044
151 150.000000 0.057787
152 151.000000 0.057535
153 152.000000 0.057288
154 153.000000 0.057047
155 154.000000 0.056811
156 155.000000 0.056580
157 156.000000 0.056354
158 157.000000 0.056133
159 158.000000 0.055917
160 159.000000 0.055705
161 160.000000 0.055499
162 161.000000 0.055297
163 162.000000 0.055099
164 163.000000 0.054906
165 164.000000 0.054717
166 165.000000 0.054532
167 166.000000 0.054351
168 167.000000 0.054175
169 168.000000 0.054002
170 169.000000 0.053833
171 170.000000 0.053669
172 171.000000 0.053507
173 172.000000 0.053350
174 173.000000 0.053196
175 174.000000 0.053045
176 175.000000 0.052898
177 176.000000 0.052754
178 177.000000 0.052613
179 178.000000 0.052475
180 179.000000 0.052341
181 180.000000 0.052209
182 181.000000 0.052080
183 182.000000 0.051954
184 183.000000 0.051830
185 184.000000 0.051709
186 185.000000 0.051590
187 186.000000 0.051474
188 187.000000 0.051361
189 188.000000 0.051249
190 189.000000 0.051139
191 190.000000 0.051032
192 191.000000 0.050927
193 192.000000 0.050823
194 193.000000 0.050721
195 194.000000 0.050621
196 195.000000 0.050523
197 196.000000 0.050426
198 197.000000 0.050330
199 198.000000 0.050236
200 199.000000 0.050143
201 200.000000 0.050051
202 201.000000 0.049961
203 202.000000 0.049871
204 203.000000 0.049782
205 204.000000 0.049694
206 205.000000 0.049607
207 206.000000 0.049521
208 207.000000 0.049435
209 208.000000 0.049349
210 209.000000 0.049264
211 210.000000 0.049179
212 211.000000 0.049095
213 212.000000 0.049010
214 213.000000 0.048926
215 214.000000 0.048841
216 215.000000 0.048757
217 216.000000 0.048672
218 217.000000 0.048587
219 218.000000 0.048501
220 219.000000 0.048415
221 220.000000 0.048328
222 221.000000 0.048241
223 222.000000 0.048153
224 223.000000 0.048064
225 224.000000 0.047975
226 225.000000 0.047884
227 226.000000 0.047792
228 227.000000 0.047699
229 228.000000 0.047605
230 229.000000 0.047509
231 230.000000 0.047412
232 231.000000 0.047313
233 232.000000 0.047213
234 233.000000 0.047111
235 234.000000 0.047007
236 235.000000 0.046901
237 236.000000 0.046794
238 237.000000 0.046684
239 238.000000 0.046573
240 239.000000 0.046459
241 240.000000 0.046344
242 241.000000 0.046227
243 242.000000 0.046108
244 243.000000 0.045988
245 244.000000 0.045865
246 245.000000 0.045742
247 246.000000 0.045616
248 247.000000 0.045489
249 248.000000 0.045360
250 249.000000 0.045230
251 250.000000 0.045099
252 251.000000 0.044966
253 252.000000 0.044831
254 253.000000 0.044696
255 254.000000 0.044559
256 255.000000 0.044420
257 256.000000 0.044281
258 257.000000 0.044140
259 258.000000 0.043998
260 259.000000 0.043856
261 260.000000 0.043712
262 261.000000 0.043567
263 262.000000 0.043421
264 263.000000 0.043274
265 264.000000 0.043126
266 265.000000 0.042977
267 266.000000 0.042827
268 267.000000 0.042677
269 268.000000 0.042526
270 269.000000 0.042374
271 270.000000 0.042222
272 271.000000 0.042069
273 272.000000 0.041915
274 273.000000 0.041761
275 274.000000 0.041606
276 275.000000 0.041451
277 276.000000 0.041295
278 277.000000 0.041139
279 278.000000 0.040982
280 279.000000 0.040826
281 280.000000 0.040669
282 281.000000 0.040511
283 282.000000 0.040354
284 283.000000 0.040196
285 284.000000 0.040038
286 285.000000 0.039880
287 286.000000 0.039723
288 287.000000 0.039565
289 288.000000 0.039407
290 289.000000 0.039249
291 290.000000 0.039091
292 291.000000 0.038934
293 292.000000 0.038776
294 293.000000 0.038619
295 294.000000 0.038462
296 295.000000 0.038306
297 296.000000 0.038149
298 297.000000 0.037994
299 298.000000 0.037838
300 299.000000 0.037683
301 300.000000 0.037529
302 301.000000 0.037375
303 302.000000 0.037221
304 303.000000 0.037069
305 304.000000 0.036917
306 305.000000 0.036765
307 306.000000 0.036615
308 307.000000 0.036465
309 308.000000 0.036316
310 309.000000 0.036168
311 310.000000 0.036020
312 311.000000 0.035874
313 312.000000 0.035729
314 313.000000 0.035584
315 314.000000 0.035441
316 315.000000 0.035299
317 316.000000 0.035157
318 317.000000 0.035018
319 318.000000 0.034879
320 319.000000 0.034741
321 320.000000 0.034605
322 321.000000 0.034470
323 322.000000 0.034337
324 323.000000 0.034205
325 324.000000 0.034074
326 325.000000 0.033945
327 326.000000 0.033817
328 327.000000 0.033691
329 328.000000 0.033566
330 329.000000 0.033444
331 330.000000 0.033322
332 331.000000 0.033203
333 332.000000 0.033085
334 333.000000 0.032969
335 334.000000 0.032855
336 335.000000 0.032743
337 336.000000 0.032633
338 337.000000 0.032524
339 338.000000 0.032418
340 339.000000 0.032313
341 340.000000 0.032211
342 341.000000 0.032111
343 342.000000 0.032013
344 343.000000 0.031917
345 344.000000 0.031824
346 345.000000 0.031732
347 346.000000 0.031643
348 347.000000 0.031556
349 348.000000 0.031472
350 349.000000 0.031390
351 350.000000 0.031311
352 351.000000 0.031234
353 352.000000 0.031159
354 353.000000 0.031088
355 354.000000 0.031018
356 355.000000 0.030952
357 356.000000 0.030888
358 357.000000 0.030826
359 358.000000 0.030767
360 359.000000 0.030710
361 360.000000 0.030656
362 361.000000 0.030604
363 362.000000 0.030554
364 363.000000 0.030507
365 364.000000 0.030461
366 365.000000 0.030418
367 366.000000 0.030378
368 367.000000 0.030339
369 368.000000 0.030302
370 369.000000 0.030268
371 370.000000 0.030235
372 371.000000 0.030204
373 372.000000 0.030176
374 373.000000 0.030149
375 374.000000 0.030124
376 375.000000 0.030100
377 376.000000 0.030079
378 377.000000 0.030059
379 378.000000 0.030041
380 379.000000 0.030025
381 380.000000 0.030010
382 381.000000 0.029997
383 382.000000 0.029985
384 383.000000 0.029975
385 384.000000 0.029967
386 385.000000 0.029959
387 386.000000 0.029954
388 387.000000 0.029949
389 388.000000 0.029946
390 389.000000 0.029944
391 390.000000 0.029943
392 391.000000 0.029944
393 392.000000 0.029946
394 393.000000 0.029948
395 394.000000 0.029952
396 395.000000 0.029957
397 396.000000 0.029963
398 397.000000 0.029970
399 398.000000 0.029978
400 399.000000 0.029987
401 400.000000 0.029996
402 401.000000 0.030007
403 402.000000 0.030018
404 403.000000 0.030030
405 404.000000 0.030042
406 405.000000 0.030056
407 406.000000 0.030070
408 407.000000 0.030084
409 408.000000 0.030099
410 409.000000 0.030115
411 410.000000 0.030131
412 411.000000 0.030147
413 412.000000 0.030164
414 413.000000 0.030181
415 414.000000 0.030199
416 415.000000 0.030216
417 416.000000 0.030234
418 417.000000 0.030253
419 418.000000 0.030271
420 419.000000 0.030289
421 420.000000 0.030308
422 421.000000 0.030327
423 422.000000 0.030345
424 423.000000 0.030364
425 424.000000 0.030382
426 425.000000 0.030401
427 426.000000 0.030419
428 427.000000 0.030437
429 428.000000 0.030455
430 429.000000 0.030473
431 430.000000 0.030490
432 431.000000 0.030507
433 432.000000 0.030524
434 433.000000 0.030540
435 434.000000 0.030556
436 435.000000 0.030571
437 436.000000 0.030586
438 437.000000 0.030600
439 438.000000 0.030614
440 439.000000 0.030627
441 440.000000 0.030639
442 441.000000 0.030651
443 442.000000 0.030662
444 443.000000 0.030672
445 444.000000 0.030681
446 445.000000 0.030689
447 446.000000 0.030697
448 447.000000 0.030703
449 448.000000 0.030709
450 449.000000 0.030713
451 450.000000 0.030716
452 451.000000 0.030719
453 452.000000 0.030720
454 453.000000 0.030720
455 454.000000 0.030719
456 455.000000 0.030716
457 456.000000 0.030713
458 457.000000 0.030707
459 458.000000 0.030701
460 459.000000 0.030693
461 460.000000 0.030684
462 461.000000 0.030673
463 462.000000 0.030661
464 463.000000 0.030647
465 464.000000 0.030632
466 465.000000 0.030614
467 466.000000 0.030596
468 467.000000 0.030575
469 468.000000 0.030553
470 469.000000 0.030529
471 470.000000 0.030503
472 471.000000 0.030475
473 472.000000 0.030446
474 473.000000 0.030414
475 474.000000 0.030381
476 475.000000 0.030346
477 476.000000 0.030309
478 477.000000 0.030271
479 478.000000 0.030231
480 479.000000 0.030189
481 480.000000 0.030146
482 481.000000 0.030101
483 482.000000 0.030054
484 483.000000 0.030006
485 484.000000 0.029956
486 485.000000 0.029905
487 486.000000 0.029853
488 487.000000 0.029799
489 488.000000 0.029744
490 489.000000 0.029687
491 490.000000 0.029630
492 491.000000 0.029570
493 492.000000 0.029510
494 493.000000 0.029449
495 494.000000 0.029386
496 495.000000 0.029322
497 496.000000 0.029257
498 497.000000 0.029191
499 498.000000 0.029124
500 499.000000 0.029056
501 500.000000 0.028987
502 501.000000 0.028917
503 502.000000 0.028846
504 503.000000 0.028774
505 504.000000 0.028701
506 505.000000 0.028628
507 506.000000 0.028553
508 507.000000 0.028478
509 508.000000 0.028402
510 509.000000 0.028326
511 510.000000 0.028249
512 511.000000 0.028171
513 512.000000 0.028093
514 513.000000 0.028014
515 514.000000 0.027934
516 515.000000 0.027854
517 516.000000 0.027774
518 517.000000 0.027693
519 518.000000 0.027612
520 519.000000 0.027530
521 520.000000 0.027448
522 521.000000 0.027366
523 522.000000 0.027283
524 523.000000 0.027200
525 524.000000 0.027117
526 525.000000 0.027034
527 526.000000 0.026950
528 527.000000 0.026867
529 528.000000 0.026783
530 529.000000 0.026700
531 530.000000 0.026616
532 531.000000 0.026532
533 532.000000 0.026448
534 533.000000 0.026365
535 534.000000 0.026281
536 535.000000 0.026198
537 536.000000 0.026115
538 537.000000 0.026032
539 538.000000 0.025949
540 539.000000 0.025867
541 540.000000 0.025784
542 541.000000 0.025703
543 542.000000 0.025621
544 543.000000 0.025540
545 544.000000 0.025459
546 545.000000 0.025379
547 546.000000 0.025299
548 547.000000 0.025220
549 548.000000 0.025141
550 549.000000 0.025063
551 550.000000 0.024986
552 551.000000 0.024909
553 552.000000 0.024832
554 553.000000 0.024757
555 554.000000 0.024682
556 555.000000 0.024608
557 556.000000 0.024535
558 557.000000 0.024463
559 558.000000 0.024391
560 559.000000 0.024321
561 560.000000 0.024251
562 561.000000 0.024182
563 562.000000 0.024115
564 563.000000 0.024048
565 564.000000 0.023982
566 565.000000 0.023918
567 566.000000 0.023855
568 567.000000 0.023792
569 568.000000 0.023731
570 569.000000 0.023671
571 570.000000 0.023613
572 571.000000 0.023556
573 572.000000 0.023500
574 573.000000 0.023445
575 574.000000 0.023392
576 575.000000 0.023340
577 576.000000 0.023290
578 577.000000 0.023241
579 578.000000 0.023193
580 579.000000 0.023147
581 580.000000 0.023103
582 581.000000 0.023060
583 582.000000 0.023019
584 583.000000 0.022980
585 584.000000 0.022942
586 585.000000 0.022906
587 586.000000 0.022872
588 587.000000 0.022839
589 588.000000 0.022809
590 589.000000 0.022780
591 590.000000 0.022753
592 591.000000 0.022728
593 592.000000 0.022704
594 593.000000 0.022683
595 594.000000 0.022663
596 595.000000 0.022645
597 596.000000 0.022629
598 597.000000 0.022614
599 598.000000 0.022601
600 599.000000 0.022590
601 600.000000 0.022580
602 601.000000 0.022572
603 602.000000 0.022565
604 603.000000 0.022560
605 604.000000 0.022557
606 605.000000 0.022554
607 606.000000 0.022554
608 607.000000 0.022555
609 608.000000 0.022557
610 609.000000 0.022561
611 610.000000 0.022566
612 611.000000 0.022572
613 612.000000 0.022580
614 613.000000 0.022589
615 614.000000 0.022599
616 615.000000 0.022611
617 616.000000 0.022624
618 617.000000 0.022638
619 618.000000 0.022653
620 619.000000 0.022670
621 620.000000 0.022687
622 621.000000 0.022706
623 622.000000 0.022726
624 623.000000 0.022747
625 624.000000 0.022769
626 625.000000 0.022792
627 626.000000 0.022816
628 627.000000 0.022841
629 628.000000 0.022867
630 629.000000 0.022893
631 630.000000 0.022921
632 631.000000 0.022950
633 632.000000 0.022979
634 633.000000 0.023010
635 634.000000 0.023041
636 635.000000 0.023073
637 636.000000 0.023106
638 637.000000 0.023139
639 638.000000 0.023173
640 639.000000 0.023208
641 640.000000 0.023244
642 641.000000 0.023280
643 642.000000 0.023317
644 643.000000 0.023355
645 644.000000 0.023393
646 645.000000 0.023431
647 646.000000 0.023471
648 647.000000 0.023510
649 648.000000 0.023551
650 649.000000 0.023591
651 650.000000 0.023632
652 651.000000 0.023674
653 652.000000 0.023716
654 653.000000 0.023758
655 654.000000 0.023801
656 655.000000 0.023844
657 656.000000 0.023887
658 657.000000 0.023931
659 658.000000 0.023975
660 659.000000 0.024019
661 660.000000 0.024063
662 661.000000 0.024108
663 662.000000 0.024153
664 663.000000 0.024198
665 664.000000 0.024242
666 665.000000 0.024288
667 666.000000 0.024333
668 667.000000 0.024378
669 668.000000 0.024423
670 669.000000 0.024468
671 670.000000 0.024514
672 671.000000 0.024559
673 672.000000 0.024604
674 673.000000 0.024649
675 674.000000 0.024694
676 675.000000 0.024738
677 676.000000 0.024783
678 677.000000 0.024828
679 678.000000 0.024872
680 679.000000 0.024916
681 680.000000 0.024959
682 681.000000 0.025003
683 682.000000 0.025046
684 683.000000 0.025089
685 684.000000 0.025131
686 685.000000 0.025174
687 686.000000 0.025215
688 687.000000 0.025257
689 688.000000 0.025298
690 689.000000 0.025338
691 690.000000 0.025378
692 691.000000 0.025417
693 692.000000 0.025456
694 693.000000 0.025495
695 694.000000 0.025532
696 695.000000 0.025570
697 696.000000 0.025606
698 697.000000 0.025642
699 698.000000 0.025677
700 699.000000 0.025712
701 700.000000 0.025746
702 701.000000 0.025779
703 702.000000 0.025811
704 703.000000 0.025843
705 704.000000 0.025873
706 705.000000 0.025903
707 706.000000 0.025932
708 707.000000 0.025961
709 708.000000 0.025988
710 709.000000 0.026014
711 710.000000 0.026040
712 711.000000 0.026065
713 712.000000 0.026088
714 713.000000 0.026111
715 714.000000 0.026134
716 715.000000 0.026155
717 716.000000 0.026176
718 717.000000 0.026195
719 718.000000 0.026214
720 719.000000 0.026232
721 720.000000 0.026250
722 721.000000 0.026266
723 722.000000 0.026282
724 723.000000 0.026297
725 724.000000 0.026311
726 725.000000 0.026324
727 726.000000 0.026337
728 727.000000 0.026349
729 728.000000 0.026360
730 729.000000 0.026370
731 730.000000 0.026380
732 731.000000 0.026389
733 732.000000 0.026397
734 733.000000 0.026404
735 734.000000 0.026411
736 735.000000 0.026417
737 736.000000 0.026422
738 737.000000 0.026427
739 738.000000 0.026431
740 739.000000 0.026434
741 740.000000 0.026437
742 741.000000 0.026438
743 742.000000 0.026440
744 743.000000 0.026440
745 744.000000 0.026440
746 745.000000 0.026439
747 746.000000 0.026438
748 747.000000 0.026436
749 748.000000 0.026433
750 749.000000 0.026429
751 750.000000 0.026425
752 751.000000 0.026421
753 752.000000 0.026416
754 753.000000 0.026410
755 754.000000 0.026403
756 755.000000 0.026396
757 756.000000 0.026389
758 757.000000 0.026380
759 758.000000 0.026372
760 759.000000 0.026362
761 760.000000 0.026352
762 761.000000 0.026342
763 762.000000 0.026331
764 763.000000 0.026319
765 764.000000 0.026307
766 765.000000 0.026294
767 766.000000 0.026281
768 767.000000 0.026267
769 768.000000 0.026253
770 769.000000 0.026238
771 770.000000 0.026223
772 771.000000 0.026207
773 772.000000 0.026191
774 773.000000 0.026174
775 774.000000 0.026157
776 775.000000 0.026139
777 776.000000 0.026121
778 777.000000 0.026102
779 778.000000 0.026083
780 779.000000 0.026064
781 780.000000 0.026044
782 781.000000 0.026023
783 782.000000 0.026002
784 783.000000 0.025981
785 784.000000 0.025959
786 785.000000 0.025937
787 786.000000 0.025914
788 787.000000 0.025891
789 788.000000 0.025868
790 789.000000 0.025844
791 790.000000 0.025820
792 791.000000 0.025795
793 792.000000 0.025770
794 793.000000 0.025745
795 794.000000 0.025719
796 795.000000 0.025693
797 796.000000 0.025667
798 797.000000 0.025640
799 798.000000 0.025613
800 799.000000 0.025585
801 800.000000 0.025557
802 801.000000 0.025529
803 802.000000 0.025501
804 803.000000 0.025472
805 804.000000 0.025443
806 805.000000 0.025413
807 806.000000 0.025384
808 807.000000 0.025354
809 808.000000 0.025324
810 809.000000 0.025293
811 810.000000 0.025262
812 811.000000 0.025231
813 812.000000 0.025200
814 813.000000 0.025168
815 814.000000 0.025136
816 815.000000 0.025104
817 816.000000 0.025072
818 817.000000 0.025039
819 818.000000 0.025006
820 819.000000 0.024973
821 820.000000 0.024940
822 821.000000 0.024907
823 822.000000 0.024873
824 823.000000 0.024839
825 824.000000 0.024805
826 825.000000 0.024771
827 826.000000 0.024736
828 827.000000 0.024702
829 828.000000 0.024667
830 829.000000 0.024632
831 830.000000 0.024597
832 831.000000 0.024562
833 832.000000 0.024526
834 833.000000 0.024491
835 834.000000 0.024455
836 835.000000 0.024419
837 836.000000 0.024383
838 837.000000 0.024347
839 838.000000 0.024311
840 839.000000 0.024275
841 840.000000 0.024239
842 841.000000 0.024202
843 842.000000 0.024166
844 843.000000 0.024129
845 844.000000 0.024093
846 845.000000 0.024056
847 846.000000 0.024019
848 847.000000 0.023982
849 848.000000 0.023946
850 849.000000 0.023909
851 850.000000 0.023872
852 851.000000 0.023835
853 852.000000 0.023798
854 853.000000 0.023761
855 854.000000 0.023724
856 855.000000 0.023687
857 856.000000 0.023650
858 857.000000 0.023613
859 858.000000 0.023576
860 859.000000 0.023539
861 860.000000 0.023502
862 861.000000 0.023465
863 862.000000 0.023428
864 863.000000 0.023391
865 864.000000 0.023355
866 865.000000 0.023318
867 866.000000 0.023281
868 867.000000 0.023245
869 868.000000 0.023208
870 869.000000 0.023172
871 870.000000 0.023135
872 871.000000 0.023099
873 872.000000 0.023063
874 873.000000 0.023027
875 874.000000 0.022991
876 875.000000 0.022955
877 876.000000 0.022920
878 877.000000 0.022884
879 878.000000 0.022849
880 879.000000 0.022814
881 880.000000 0.022779
882 881.000000 0.022744
883 882.000000 0.022709
884 883.000000 0.022674
885 884.000000 0.022640
886 885.000000 0.022606
887 886.000000 0.022571
888 887.000000 0.022538
889 888.000000 0.022504
890 889.000000 0.022470
891 890.000000 0.022437
892 891.000000 0.022404
893 892.000000 0.022371
894 893.000000 0.022339
895 894.000000 0.022306
896 895.000000 0.022274
897 896.000000 0.022243
898 897.000000 0.022211
899 898.000000 0.022180
900 899.000000 0.022149
901 900.000000 0.022118
902 901.000000 0.022087
903 902.000000 0.022057
904 903.000000 0.022027
905 904.000000 0.021997
906 905.000000 0.021968
907 906.000000 0.021939
908 907.000000 0.021910
909 908.000000 0.021882
910 909.000000 0.021854
911 910.000000 0.021826
912 911.000000 0.021799
913 912.000000 0.021772
914 913.000000 0.021745
915 914.000000 0.021719
916 915.000000 0.021693
917 916.000000 0.021667
918 917.000000 0.021642
919 918.000000 0.021617
920 919.000000 0.021593
921 920.000000 0.021569
922 921.000000 0.021545
923 922.000000 0.021522
924 923.000000 0.021499
925 924.000000 0.021477
926 925.000000 0.021455
927 926.000000 0.021433
928 927.000000 0.021412
929 928.000000 0.021391
930 929.000000 0.021371
931 930.000000 0.021351
932 931.000000 0.021332
933 932.000000 0.021313
934 933.000000 0.021295
935 934.000000 0.021277
936 935.000000 0.021260
937 936.000000 0.021243
938 937.000000 0.021226
939 938.000000 0.021210
940 939.000000 0.021195
941 940.000000 0.021180
942 941.000000 0.021166
943 942.000000 0.021152
944 943.000000 0.021139
945 944.000000 0.021126
946 945.000000 0.021114
947 946.000000 0.021102
948 947.000000 0.021091
949 948.000000 0.021080
950 949.000000 0.021070
951 950.000000 0.021060
952 951.000000 0.021051
953 952.000000 0.021042
954 953.000000 0.021034
955 954.000000 0.021026
956 955.000000 0.021018
957 956.000000 0.021011
958 957.000000 0.021004
959 958.000000 0.020998
960 959.000000 0.020992
961 960.000000 0.020987
962 961.000000 0.020982
963 962.000000 0.020977
964 963.000000 0.020973
965 964.000000 0.020969
966 965.000000 0.020966
967 966.000000 0.020963
968 967.000000 0.020960
969 968.000000 0.020958
970 969.000000 0.020956
971 970.000000 0.020954
972 971.000000 0.020953
973 972.000000 0.020952
974 973.000000 0.020951
975 974.000000 0.020951
976 975.000000 0.020951
977 976.000000 0.020951
978 977.000000 0.020951
979 978.000000 0.020952
980 979.000000 0.020953
981 980.000000 0.020954
982 981.000000 0.020956
983 982.000000 0.020958
984 983.000000 0.020960
985 984.000000 0.020962
986 985.000000 0.020965
987 986.000000 0.020967
988 987.000000 0.020970
989 988.000000 0.020974
990 989.000000 0.020977
991 990.000000 0.020981
992 991.000000 0.020985
993 992.000000 0.020989
994 993.000000 0.020993
995 994.000000 0.020997
996 995.000000 0.021002
997 996.000000 0.021006
998 997.000000 0.021011
999 998.000000 0.021016
1000 999.000000 0.021021
1001 1000.000000 0.021026
1002 1001.000000 0.021032
1003 1002.000000 0.021037
1004 1003.000000 0.021043
1005 1004.000000 0.021048
1006 1005.000000 0.021054
1007 1006.000000 0.021060
1008 1007.000000 0.021066
1009 1008.000000 0.021072
1010 1009.000000 0.021078
1011 1010.000000 0.021084
1012 1011.000000 0.021090
1013 1012.000000 0.021097
1014 1013.000000 0.021103
1015 1014.000000 0.021109
1016 1015.000000 0.021116
1017 1016.000000 0.021122
1018 1017.000000 0.021128
1019 1018.000000 0.021135
1020 1019.000000 0.021141
1021 1020.000000 0.021148
1022 1021.000000 0.021154
1023 1022.000000 0.021160
1024 1023.000000 0.021167
1025 1024.000000 0.021173
1026 1025.000000 0.021179
1027 1026.000000 0.021185
1028 1027.000000 0.021191
1029 1028.000000 0.021197
1030 1029.000000 0.021203
1031 1030.000000 0.021209
1032 1031.000000 0.021215
1033 1032.000000 0.021221
1034 1033.000000 0.021226
1035 1034.000000 0.021232
1036 1035.000000 0.021237
1037 1036.000000 0.021243
1038 1037.000000 0.021248
1039 1038.000000 0.021253
1040 1039.000000 0.021258
1041 1040.000000 0.021262
1042 1041.000000 0.021267
1043 1042.000000 0.021271
1044 1043.000000 0.021276
1045 1044.000000 0.021280
1046 1045.000000 0.021284
1047 1046.000000 0.021287
1048 1047.000000 0.021291
1049 1048.000000 0.021294
1050 1049.000000 0.021297
1051 1050.000000 0.021300
1052 1051.000000 0.021303
1053 1052.000000 0.021305
1054 1053.000000 0.021307
1055 1054.000000 0.021309
1056 1055.000000 0.021311
1057 1056.000000 0.021312
1058 1057.000000 0.021314
1059 1058.000000 0.021314
1060 1059.000000 0.021315
1061 1060.000000 0.021315
1062 1061.000000 0.021315
1063 1062.000000 0.021315
1064 1063.000000 0.021315
1065 1064.000000 0.021314
1066 1065.000000 0.021313
1067 1066.000000 0.021311
1068 1067.000000 0.021310
1069 1068.000000 0.021308
1070 1069.000000 0.021306
1071 1070.000000 0.021303
1072 1071.000000 0.021301
1073 1072.000000 0.021298
1074 1073.000000 0.021295
1075 1074.000000 0.021291
1076 1075.000000 0.021287
1077 1076.000000 0.021283
1078 1077.000000 0.021279
1079 1078.000000 0.021275
1080 1079.000000 0.021270
1081 1080.000000 0.021265
1082 1081.000000 0.021260
1083 1082.000000 0.021255
1084 1083.000000 0.021249
1085 1084.000000 0.021243
1086 1085.000000 0.021237
1087 1086.000000 0.021231
1088 1087.000000 0.021224
1089 1088.000000 0.021217
1090 1089.000000 0.021210
1091 1090.000000 0.021203
1092 1091.000000 0.021195
1093 1092.000000 0.021188
1094 1093.000000 0.021180
1095 1094.000000 0.021172
1096 1095.000000 0.021163
1097 1096.000000 0.021155
1098 1097.000000 0.021146
1099 1098.000000 0.021137
1100 1099.000000 0.021128
1101 1100.000000 0.021119
1102 1101.000000 0.021109
1103 1102.000000 0.021099
1104 1103.000000 0.021090
1105 1104.000000 0.021079
1106 1105.000000 0.021069
1107 1106.000000 0.021059
1108 1107.000000 0.021048
1109 1108.000000 0.021037
1110 1109.000000 0.021026
1111 1110.000000 0.021015
1112 1111.000000 0.021003
1113 1112.000000 0.020992
1114 1113.000000 0.020980
1115 1114.000000 0.020968
1116 1115.000000 0.020956
1117 1116.000000 0.020944
1118 1117.000000 0.020931
1119 1118.000000 0.020919
1120 1119.000000 0.020906
1121 1120.000000 0.020893
1122 1121.000000 0.020880
1123 1122.000000 0.020867
1124 1123.000000 0.020854
1125 1124.000000 0.020840
1126 1125.000000 0.020827
1127 1126.000000 0.020813
1128 1127.000000 0.020799
1129 1128.000000 0.020785
1130 1129.000000 0.020771
1131 1130.000000 0.020756
1132 1131.000000 0.020742
1133 1132.000000 0.020727
1134 1133.000000 0.020712
1135 1134.000000 0.020698
1136 1135.000000 0.020683
1137 1136.000000 0.020668
1138 1137.000000 0.020652
1139 1138.000000 0.020637
1140 1139.000000 0.020622
1141 1140.000000 0.020606
1142 1141.000000 0.020590
1143 1142.000000 0.020574
1144 1143.000000 0.020559
1145 1144.000000 0.020543
1146 1145.000000 0.020526
1147 1146.000000 0.020510
1148 1147.000000 0.020494
1149 1148.000000 0.020477
1150 1149.000000 0.020461
1151 1150.000000 0.020444
1152 1151.000000 0.020428
1153 1152.000000 0.020411
1154 1153.000000 0.020394
1155 1154.000000 0.020377
1156 1155.000000 0.020360
1157 1156.000000 0.020343
1158 1157.000000 0.020326
1159 1158.000000 0.020309
1160 1159.000000 0.020291
1161 1160.000000 0.020274
1162 1161.000000 0.020256
1163 1162.000000 0.020239
1164 1163.000000 0.020221
1165 1164.000000 0.020203
1166 1165.000000 0.020186
1167 1166.000000 0.020168
1168 1167.000000 0.020150
1169 1168.000000 0.020132
1170 1169.000000 0.020114
1171 1170.000000 0.020096
1172 1171.000000 0.020078
1173 1172.000000 0.020060
1174 1173.000000 0.020042
1175 1174.000000 0.020024
1176 1175.000000 0.020006
1177 1176.000000 0.019987
1178 1177.000000 0.019969
1179 1178.000000 0.019951
1180 1179.000000 0.019932
1181 1180.000000 0.019914
1182 1181.000000 0.019896
1183 1182.000000 0.019877
1184 1183.000000 0.019859
1185 1184.000000 0.019840
1186 1185.000000 0.019822
1187 1186.000000 0.019804
1188 1187.000000 0.019785
1189 1188.000000 0.019767
1190 1189.000000 0.019749
1191 1190.000000 0.019730
1192 1191.000000 0.019712
1193 1192.000000 0.019694
1194 1193.000000 0.019676
1195 1194.000000 0.019658
1196 1195.000000 0.019640
1197 1196.000000 0.019622
1198 1197.000000 0.019604
1199 1198.000000 0.019586
1200 1199.000000 0.019569
1201 1200.000000 0.019551
1202 1201.000000 0.019534
1203 1202.000000 0.019516
1204 1203.000000 0.019499
1205 1204.000000 0.019482
1206 1205.000000 0.019465
1207 1206.000000 0.019448
1208 1207.000000 0.019432
1209 1208.000000 0.019415
1210 1209.000000 0.019399
1211 1210.000000 0.019382
1212 1211.000000 0.019366
1213 1212.000000 0.019350
1214 1213.000000 0.019334
1215 1214.000000 0.019319
1216 1215.000000 0.019303
1217 1216.000000 0.019288
1218 1217.000000 0.019273
1219 1218.000000 0.019258
1220 1219.000000 0.019244
1221 1220.000000 0.019229
1222 1221.000000 0.019215
1223 1222.000000 0.019201
1224 1223.000000 0.019187
1225 1224.000000 0.019174
1226 1225.000000 0.019161
1227 1226.000000 0.019148
1228 1227.000000 0.019135
1229 1228.000000 0.019122
1230 1229.000000 0.019110
1231 1230.000000 0.019098
1232 1231.000000 0.019086
1233 1232.000000 0.019075
1234 1233.000000 0.019064
1235 1234.000000 0.019053
1236 1235.000000 0.019042
1237 1236.000000 0.019032
1238 1237.000000 0.019022
1239 1238.000000 0.019012
1240 1239.000000 0.019003
1241 1240.000000 0.018994
1242 1241.000000 0.018985
1243 1242.000000 0.018977
1244 1243.000000 0.018969
1245 1244.000000 0.018962
1246 1245.000000 0.018954
1247 1246.000000 0.018947
1248 1247.000000 0.018941
1249 1248.000000 0.018935
1250 1249.000000 0.018929
1251 1250.000000 0.018923
1252 1251.000000 0.018918
1253 1252.000000 0.018914
1254 1253.000000 0.018910
1255 1254.000000 0.018906
1256 1255.000000 0.018902
1257 1256.000000 0.018899
1258 1257.000000 0.018897
1259 1258.000000 0.018895
1260 1259.000000 0.018893
1261 1260.000000 0.018892
1262 1261.000000 0.018891
1263 1262.000000 0.018891
1264 1263.000000 0.018891
1265 1264.000000 0.018891
1266 1265.000000 0.018892
1267 1266.000000 0.018894
1268 1267.000000 0.018896
1269 1268.000000 0.018898
1270 1269.000000 0.018901
1271 1270.000000 0.018905
1272 1271.000000 0.018909
1273 1272.000000 0.018913
1274 1273.000000 0.018918
1275 1274.000000 0.018924
1276 1275.000000 0.018930
1277 1276.000000 0.018937
1278 1277.000000 0.018944
1279 1278.000000 0.018952
1280 1279.000000 0.018960
1281 1280.000000 0.018969
1282 1281.000000 0.018978
1283 1282.000000 0.018988
1284 1283.000000 0.018998
1285 1284.000000 0.019009
1286 1285.000000 0.019021
1287 1286.000000 0.019033
1288 1287.000000 0.019046
1289 1288.000000 0.019060
1290 1289.000000 0.019074
1291 1290.000000 0.019089
1292 1291.000000 0.019104
1293 1292.000000 0.019120
1294 1293.000000 0.019136
1295 1294.000000 0.019154
1296 1295.000000 0.019171
1297 1296.000000 0.019190
1298 1297.000000 0.019209
1299 1298.000000 0.019229
1300 1299.000000 0.019249
1301 1300.000000 0.019270
1302 1301.000000 0.019291
1303 1302.000000 0.019313
1304 1303.000000 0.019336
1305 1304.000000 0.019359
1306 1305.000000 0.019383
1307 1306.000000 0.019407
1308 1307.000000 0.019432
1309 1308.000000 0.019457
1310 1309.000000 0.019483
1311 1310.000000 0.019509
1312 1311.000000 0.019536
1313 1312.000000 0.019563
1314 1313.000000 0.019591
1315 1314.000000 0.019619
1316 1315.000000 0.019647
1317 1316.000000 0.019676
1318 1317.000000 0.019705
1319 1318.000000 0.019735
1320 1319.000000 0.019765
1321 1320.000000 0.019795
1322 1321.000000 0.019826
1323 1322.000000 0.019857
1324 1323.000000 0.019889
1325 1324.000000 0.019921
1326 1325.000000 0.019953
1327 1326.000000 0.019985
1328 1327.000000 0.020018
1329 1328.000000 0.020051
1330 1329.000000 0.020084
1331 1330.000000 0.020118
1332 1331.000000 0.020151
1333 1332.000000 0.020185
1334 1333.000000 0.020220
1335 1334.000000 0.020254
1336 1335.000000 0.020289
1337 1336.000000 0.020324
1338 1337.000000 0.020359
1339 1338.000000 0.020394
1340 1339.000000 0.020430
1341 1340.000000 0.020465
1342 1341.000000 0.020501
1343 1342.000000 0.020537
1344 1343.000000 0.020573
1345 1344.000000 0.020609
1346 1345.000000 0.020645
1347 1346.000000 0.020681
1348 1347.000000 0.020717
1349 1348.000000 0.020754
1350 1349.000000 0.020790
1351 1350.000000 0.020827
1352 1351.000000 0.020863
1353 1352.000000 0.020900
1354 1353.000000 0.020936
1355 1354.000000 0.020973
1356 1355.000000 0.021009
1357 1356.000000 0.021046
1358 1357.000000 0.021082
1359 1358.000000 0.021119
1360 1359.000000 0.021155
1361 1360.000000 0.021191
1362 1361.000000 0.021228
1363 1362.000000 0.021264
1364 1363.000000 0.021300
1365 1364.000000 0.021336
1366 1365.000000 0.021372
1367 1366.000000 0.021407
1368 1367.000000 0.021443
1369 1368.000000 0.021478
1370 1369.000000 0.021513
1371 1370.000000 0.021548
1372 1371.000000 0.021583
1373 1372.000000 0.021618
1374 1373.000000 0.021652
1375 1374.000000 0.021687
1376 1375.000000 0.021721
1377 1376.000000 0.021754
1378 1377.000000 0.021788
1379 1378.000000 0.021821
1380 1379.000000 0.021854
1381 1380.000000 0.021887
1382 1381.000000 0.021919
1383 1382.000000 0.021951
1384 1383.000000 0.021983
1385 1384.000000 0.022014
1386 1385.000000 0.022046
1387 1386.000000 0.022076
1388 1387.000000 0.022107
1389 1388.000000 0.022137
1390 1389.000000 0.022166
1391 1390.000000 0.022195
1392 1391.000000 0.022224
1393 1392.000000 0.022253
1394 1393.000000 0.022281
1395 1394.000000 0.022308
1396 1395.000000 0.022335
1397 1396.000000 0.022362
1398 1397.000000 0.022388
1399 1398.000000 0.022414
1400 1399.000000 0.022439
1401 1400.000000 0.022464
1402 1401.000000 0.022488
1403 1402.000000 0.022511
1404 1403.000000 0.022534
1405 1404.000000 0.022557
1406 1405.000000 0.022579
1407 1406.000000 0.022600
1408 1407.000000 0.022621
1409 1408.000000 0.022641
1410 1409.000000 0.022661
1411 1410.000000 0.022680
1412 1411.000000 0.022698
1413 1412.000000 0.022716
1414 1413.000000 0.022733
1415 1414.000000 0.022750
1416 1415.000000 0.022766
1417 1416.000000 0.022781
1418 1417.000000 0.022795
1419 1418.000000 0.022809
1420 1419.000000 0.022823
1421 1420.000000 0.022836
1422 1421.000000 0.022848
1423 1422.000000 0.022860
1424 1423.000000 0.022871
1425 1424.000000 0.022881
1426 1425.000000 0.022891
1427 1426.000000 0.022901
1428 1427.000000 0.022909
1429 1428.000000 0.022918
1430 1429.000000 0.022926
1431 1430.000000 0.022933
1432 1431.000000 0.022940
1433 1432.000000 0.022946
1434 1433.000000 0.022952
1435 1434.000000 0.022957
1436 1435.000000 0.022962
1437 1436.000000 0.022967
1438 1437.000000 0.022971
1439 1438.000000 0.022974
1440 1439.000000 0.022977
1441 1440.000000 0.022980
1442 1441.000000 0.022982
1443 1442.000000 0.022984
1444 1443.000000 0.022985
1445 1444.000000 0.022986
1446 1445.000000 0.022986
1447 1446.000000 0.022986
1448 1447.000000 0.022986
1449 1448.000000 0.022986
1450 1449.000000 0.022985
1451 1450.000000 0.022983
1452 1451.000000 0.022981
1453 1452.000000 0.022979
1454 1453.000000 0.022977
1455 1454.000000 0.022974
1456 1455.000000 0.022971
1457 1456.000000 0.022968
1458 1457.000000 0.022964
1459 1458.000000 0.022960
1460 1459.000000 0.022956
1461 1460.000000 0.022951
1462 1461.000000 0.022946
1463 1462.000000 0.022941
1464 1463.000000 0.022936
1465 1464.000000 0.022930
1466 1465.000000 0.022924
1467 1466.000000 0.022918
1468 1467.000000 0.022911
1469 1468.000000 0.022905
1470 1469.000000 0.022898
1471 1470.000000 0.022891
1472 1471.000000 0.022883
1473 1472.000000 0.022876
1474 1473.000000 0.022868
1475 1474.000000 0.022860
1476 1475.000000 0.022852
1477 1476.000000 0.022844
1478 1477.000000 0.022836
1479 1478.000000 0.022827
1480 1479.000000 0.022819
1481 1480.000000 0.022810
1482 1481.000000 0.022801
1483 1482.000000 0.022792
1484 1483.000000 0.022783
1485 1484.000000 0.022774
1486 1485.000000 0.022764
1487 1486.000000 0.022755
1488 1487.000000 0.022745
1489 1488.000000 0.022736
1490 1489.000000 0.022726
1491 1490.000000 0.022716
1492 1491.000000 0.022706
1493 1492.000000 0.022696
1494 1493.000000 0.022687
1495 1494.000000 0.022677
1496 1495.000000 0.022667
1497 1496.000000 0.022657
1498 1497.000000 0.022647
1499 1498.000000 0.022637
1500 1499.000000 0.022627
1501 1500.000000 0.022617
1502 1501.000000 0.022607
1503 1502.000000 0.022597
1504 1503.000000 0.022587
1505 1504.000000 0.022577
1506 1505.000000 0.022567
1507 1506.000000 0.022558
1508 1507.000000 0.022548
1509 1508.000000 0.022538
1510 1509.000000 0.022529
1511 1510.000000 0.022519
1512 1511.000000 0.022510
1513 1512.000000 0.022501
1514 1513.000000 0.022492
1515 1514.000000 0.022483
1516 1515.000000 0.022474
1517 1516.000000 0.022465
1518 1517.000000 0.022457
1519 1518.000000 0.022448
1520 1519.000000 0.022440
1521 1520.000000 0.022432
1522 1521.000000 0.022424
1523 1522.000000 0.022416
1524 1523.000000 0.022408
1525 1524.000000 0.022401
1526 1525.000000 0.022394
1527 1526.000000 0.022387
1528 1527.000000 0.022380
1529 1528.000000 0.022373
1530 1529.000000 0.022367
1531 1530.000000 0.022361
1532 1531.000000 0.022355
1533 1532.000000 0.022350
1534 1533.000000 0.022344
1535 1534.000000 0.022339
1536 1535.000000 0.022334
1537 1536.000000 0.022330
1538 1537.000000 0.022325
1539 1538.000000 0.022321
1540 1539.000000 0.022317
1541 1540.000000 0.022313
1542 1541.000000 0.022309
1543 1542.000000 0.022306
1544 1543.000000 0.022302
1545 1544.000000 0.022299
1546 1545.000000 0.022296
1547 1546.000000 0.022293
1548 1547.000000 0.022291
1549 1548.000000 0.022288
1550 1549.000000 0.022286
1551 1550.000000 0.022284
1552 1551.000000 0.022282
1553 1552.000000 0.022280
1554 1553.000000 0.022278
1555 1554.000000 0.022276
1556 1555.000000 0.022275
1557 1556.000000 0.022273
1558 1557.000000 0.022272
1559 1558.000000 0.022271
1560 1559.000000 0.022270
1561 1560.000000 0.022269
1562 1561.000000 0.022268
1563 1562.000000 0.022267
1564 1563.000000 0.022267
1565 1564.000000 0.022266
1566 1565.000000 0.022265
1567 1566.000000 0.022265
1568 1567.000000 0.022265
1569 1568.000000 0.022264
1570 1569.000000 0.022264
1571 1570.000000 0.022264
1572 1571.000000 0.022264
1573 1572.000000 0.022264
1574 1573.000000 0.022264
1575 1574.000000 0.022264
1576 1575.000000 0.022264
1577 1576.000000 0.022264
1578 1577.000000 0.022264
1579 1578.000000 0.022264
1580 1579.000000 0.022264
1581 1580.000000 0.022264
1582 1581.000000 0.022264
1583 1582.000000 0.022264
1584 1583.000000 0.022264
1585 1584.000000 0.022264
1586 1585.000000 0.022264
1587 1586.000000 0.022264
1588 1587.000000 0.022264
1589 1588.000000 0.022264
1590 1589.000000 0.022264
1591 1590.000000 0.022264
1592 1591.000000 0.022264
1593 1592.000000 0.022264
1594 1593.000000 0.022264
1595 1594.000000 0.022263
1596 1595.000000 0.022263
1597 1596.000000 0.022263
1598 1597.000000 0.022262
1599 1598.000000 0.022262
1600 1599.000000 0.022261
1601 1600.000000 0.022260
1602 1601.000000 0.022259
1603 1602.000000 0.022258
1604 1603.000000 0.022257
1605 1604.000000 0.022256
1606 1605.000000 0.022255
1607 1606.000000 0.022254
1608 1607.000000 0.022252
1609 1608.000000 0.022251
1610 1609.000000 0.022249
1611 1610.000000 0.022247
1612 1611.000000 0.022245
1613 1612.000000 0.022243
1614 1613.000000 0.022240
1615 1614.000000 0.022238
1616 1615.000000 0.022235
1617 1616.000000 0.022233
1618 1617.000000 0.022230
1619 1618.000000 0.022226
1620 1619.000000 0.022223
1621 1620.000000 0.022220
1622 1621.000000 0.022216
1623 1622.000000 0.022212
1624 1623.000000 0.022208
1625 1624.000000 0.022204
1626 1625.000000 0.022199
1627 1626.000000 0.022195
1628 1627.000000 0.022190
1629 1628.000000 0.022185
1630 1629.000000 0.022179
1631 1630.000000 0.022174
1632 1631.000000 0.022168
1633 1632.000000 0.022162
1634 1633.000000 0.022156
1635 1634.000000 0.022149
1636 1635.000000 0.022142
1637 1636.000000 0.022135
1638 1637.000000 0.022128
1639 1638.000000 0.022121
1640 1639.000000 0.022113
1641 1640.000000 0.022105
1642 1641.000000 0.022096
1643 1642.000000 0.022088
1644 1643.000000 0.022079
1645 1644.000000 0.022069
1646 1645.000000 0.022060
1647 1646.000000 0.022050
1648 1647.000000 0.022040
1649 1648.000000 0.022029
1650 1649.000000 0.022018
1651 1650.000000 0.022007
1652 1651.000000 0.021996
1653 1652.000000 0.021984
1654 1653.000000 0.021972
1655 1654.000000 0.021960
1656 1655.000000 0.021947
1657 1656.000000 0.021935
1658 1657.000000 0.021922
1659 1658.000000 0.021908
1660 1659.000000 0.021895
1661 1660.000000 0.021881
1662 1661.000000 0.021867
1663 1662.000000 0.021853
1664 1663.000000 0.021838
1665 1664.000000 0.021824
1666 1665.000000 0.021809
1667 1666.000000 0.021794
1668 1667.000000 0.021778
1669 1668.000000 0.021763
1670 1669.000000 0.021747
1671 1670.000000 0.021731
1672 1671.000000 0.021715
1673 1672.000000 0.021699
1674 1673.000000 0.021683
1675 1674.000000 0.021666
1676 1675.000000 0.021649
1677 1676.000000 0.021633
1678 1677.000000 0.021616
1679 1678.000000 0.021599
1680 1679.000000 0.021581
1681 1680.000000 0.021564
1682 1681.000000 0.021547
1683 1682.000000 0.021529
1684 1683.000000 0.021512
1685 1684.000000 0.021494
1686 1685.000000 0.021476
1687 1686.000000 0.021458
1688 1687.000000 0.021440
1689 1688.000000 0.021422
1690 1689.000000 0.021404
1691 1690.000000 0.021386
1692 1691.000000 0.021368
1693 1692.000000 0.021350
1694 1693.000000 0.021331
1695 1694.000000 0.021313
1696 1695.000000 0.021295
1697 1696.000000 0.021276
1698 1697.000000 0.021258
1699 1698.000000 0.021240
1700 1699.000000 0.021221
1701 1700.000000 0.021203
1702 1701.000000 0.021184
1703 1702.000000 0.021166
1704 1703.000000 0.021148
1705 1704.000000 0.021130
1706 1705.000000 0.021111
1707 1706.000000 0.021093
1708 1707.000000 0.021075
1709 1708.000000 0.021057
1710 1709.000000 0.021039
1711 1710.000000 0.021021
1712 1711.000000 0.021003
1713 1712.000000 0.020985
1714 1713.000000 0.020968
1715 1714.000000 0.020950
1716 1715.000000 0.020932
1717 1716.000000 0.020915
1718 1717.000000 0.020898
1719 1718.000000 0.020880
1720 1719.000000 0.020863
1721 1720.000000 0.020846
1722 1721.000000 0.020830
1723 1722.000000 0.020813
1724 1723.000000 0.020797
1725 1724.000000 0.020780
1726 1725.000000 0.020764
1727 1726.000000 0.020748
1728 1727.000000 0.020732
1729 1728.000000 0.020716
1730 1729.000000 0.020701
1731 1730.000000 0.020686
1732 1731.000000 0.020671
1733 1732.000000 0.020656
1734 1733.000000 0.020641
1735 1734.000000 0.020626
1736 1735.000000 0.020612
1737 1736.000000 0.020598
1738 1737.000000 0.020584
1739 1738.000000 0.020571
1740 1739.000000 0.020558
1741 1740.000000 0.020545
1742 1741.000000 0.020532
1743 1742.000000 0.020519
1744 1743.000000 0.020507
1745 1744.000000 0.020495
1746 1745.000000 0.020483
1747 1746.000000 0.020472
1748 1747.000000 0.020461
1749 1748.000000 0.020450
1750 1749.000000 0.020440
1751 1750.000000 0.020429
1752 1751.000000 0.020420
1753 1752.000000 0.020410
1754 1753.000000 0.020401
1755 1754.000000 0.020392
1756 1755.000000 0.020383
1757 1756.000000 0.020375
1758 1757.000000 0.020368
1759 1758.000000 0.020360
1760 1759.000000 0.020353
1761 1760.000000 0.020346
1762 1761.000000 0.020340
1763 1762.000000 0.020334
1764 1763.000000 0.020329
1765 1764.000000 0.020324
1766 1765.000000 0.020319
1767 1766.000000 0.020315
1768 1767.000000 0.020311
1769 1768.000000 0.020307
1770 1769.000000 0.020304
1771 1770.000000 0.020301
1772 1771.000000 0.020299
1773 1772.000000 0.020297
1774 1773.000000 0.020295
1775 1774.000000 0.020294
1776 1775.000000 0.020292
1777 1776.000000 0.020292
1778 1777.000000 0.020291
1779 1778.000000 0.020291
1780 1779.000000 0.020291
1781 1780.000000 0.020291
1782 1781.000000 0.020292
1783 1782.000000 0.020293
1784 1783.000000 0.020294
1785 1784.000000 0.020295
1786 1785.000000 0.020297
1787 1786.000000 0.020298
1788 1787.000000 0.020300
1789 1788.000000 0.020302
1790 1789.000000 0.020304
1791 1790.000000 0.020307
1792 1791.000000 0.020309
1793 1792.000000 0.020312
1794 1793.000000 0.020314
1795 1794.000000 0.020317
1796 1795.000000 0.020320
1797 1796.000000 0.020323
1798 1797.000000 0.020326
1799 1798.000000 0.020330
1800 1799.000000 0.020333
1801 1800.000000 0.020336
1802 1801.000000 0.020340
1803 1802.000000 0.020343
1804 1803.000000 0.020346
1805 1804.000000 0.020350
1806 1805.000000 0.020353
1807 1806.000000 0.020357
1808 1807.000000 0.020360
1809 1808.000000 0.020363
1810 1809.000000 0.020367
1811 1810.000000 0.020370
1812 1811.000000 0.020373
1813 1812.000000 0.020376
1814 1813.000000 0.020379
1815 1814.000000 0.020382
1816 1815.000000 0.020385
1817 1816.000000 0.020388
1818 1817.000000 0.020390
1819 1818.000000 0.020393
1820 1819.000000 0.020395
1821 1820.000000 0.020397
1822 1821.000000 0.020399
1823 1822.000000 0.020401
1824 1823.000000 0.020402
1825 1824.000000 0.020403
1826 1825.000000 0.020405
1827 1826.000000 0.020406
1828 1827.000000 0.020406
1829 1828.000000 0.020407
1830 1829.000000 0.020407
1831 1830.000000 0.020407
1832 1831.000000 0.020406
1833 1832.000000 0.020406
1834 1833.000000 0.020405
1835 1834.000000 0.020403
1836 1835.000000 0.020402
1837 1836.000000 0.020400
1838 1837.000000 0.020398
1839 1838.000000 0.020395
1840 1839.000000 0.020392
1841 1840.000000 0.020389
1842 1841.000000 0.020385
1843 1842.000000 0.020381
1844 1843.000000 0.020376
1845 1844.000000 0.020371
1846 1845.000000 0.020366
1847 1846.000000 0.020360
1848 1847.000000 0.020354
1849 1848.000000 0.020347
1850 1849.000000 0.020340
1851 1850.000000 0.020332
1852 1851.000000 0.020324
1853 1852.000000 0.020316
1854 1853.000000 0.020307
1855 1854.000000 0.020297
1856 1855.000000 0.020287
1857 1856.000000 0.020276
1858 1857.000000 0.020265
1859 1858.000000 0.020253
1860 1859.000000 0.020240
1861 1860.000000 0.020227
1862 1861.000000 0.020214
1863 1862.000000 0.020199
1864 1863.000000 0.020185
1865 1864.000000 0.020169
1866 1865.000000 0.020153
1867 1866.000000 0.020136
1868 1867.000000 0.020119
1869 1868.000000 0.020101
1870 1869.000000 0.020082
1871 1870.000000 0.020063
1872 1871.000000 0.020043
1873 1872.000000 0.020022
1874 1873.000000 0.020000
1875 1874.000000 0.019978
1876 1875.000000 0.019955
1877 1876.000000 0.019931
1878 1877.000000 0.019906
1879 1878.000000 0.019881
1880 1879.000000 0.019855
1881 1880.000000 0.019828
1882 1881.000000 0.019800
1883 1882.000000 0.019772
1884 1883.000000 0.019742
1885 1884.000000 0.019712
1886 1885.000000 0.019681
1887 1886.000000 0.019650
1888 1887.000000 0.019617
1889 1888.000000 0.019584
1890 1889.000000 0.019550
1891 1890.000000 0.019515
1892 1891.000000 0.019480
1893 1892.000000 0.019444
1894 1893.000000 0.019407
1895 1894.000000 0.019370
1896 1895.000000 0.019332
1897 1896.000000 0.019294
1898 1897.000000 0.019255
1899 1898.000000 0.019215
1900 1899.000000 0.019175
1901 1900.000000 0.019135
1902 1901.000000 0.019094
1903 1902.000000 0.019052
1904 1903.000000 0.019010
1905 1904.000000 0.018968
1906 1905.000000 0.018925
1907 1906.000000 0.018882
1908 1907.000000 0.018839
1909 1908.000000 0.018795
1910 1909.000000 0.018751
1911 1910.000000 0.018706
1912 1911.000000 0.018662
1913 1912.000000 0.018617
1914 1913.000000 0.018572
1915 1914.000000 0.018526
1916 1915.000000 0.018481
1917 1916.000000 0.018435
1918 1917.000000 0.018389
1919 1918.000000 0.018343
1920 1919.000000 0.018297
1921 1920.000000 0.018250
1922 1921.000000 0.018204
1923 1922.000000 0.018158
1924 1923.000000 0.018111
1925 1924.000000 0.018065
1926 1925.000000 0.018018
1927 1926.000000 0.017972
1928 1927.000000 0.017926
1929 1928.000000 0.017879
1930 1929.000000 0.017833
1931 1930.000000 0.017787
1932 1931.000000 0.017741
1933 1932.000000 0.017695
1934 1933.000000 0.017649
1935 1934.000000 0.017604
1936 1935.000000 0.017559
1937 1936.000000 0.017514
1938 1937.000000 0.017469
1939 1938.000000 0.017424
1940 1939.000000 0.017380
1941 1940.000000 0.017336
1942 1941.000000 0.017292
1943 1942.000000 0.017249
1944 1943.000000 0.017206
1945 1944.000000 0.017164
1946 1945.000000 0.017122
1947 1946.000000 0.017080
1948 1947.000000 0.017039
1949 1948.000000 0.016998
1950 1949.000000 0.016957
1951 1950.000000 0.016918
1952 1951.000000 0.016878
1953 1952.000000 0.016840
1954 1953.000000 0.016801
1955 1954.000000 0.016764
1956 1955.000000 0.016727
1957 1956.000000 0.016691
1958 1957.000000 0.016655
1959 1958.000000 0.016620
1960 1959.000000 0.016585
1961 1960.000000 0.016552
1962 1961.000000 0.016519
1963 1962.000000 0.016487
1964 1963.000000 0.016455
1965 1964.000000 0.016425
1966 1965.000000 0.016395
1967 1966.000000 0.016366
1968 1967.000000 0.016338
1969 1968.000000 0.016310
1970 1969.000000 0.016284
1971 1970.000000 0.016259
1972 1971.000000 0.016234
1973 1972.000000 0.016210
1974 1973.000000 0.016188
1975 1974.000000 0.016166
1976 1975.000000 0.016145
1977 1976.000000 0.016126
1978 1977.000000 0.016107
1979 1978.000000 0.016090
1980 1979.000000 0.016073
1981 1980.000000 0.016058
1982 1981.000000 0.016044
1983 1982.000000 0.016031
1984 1983.000000 0.016019
1985 1984.000000 0.016008
1986 1985.000000 0.015999
1987 1986.000000 0.015991
1988 1987.000000 0.015984
1989 1988.000000 0.015978
1990 1989.000000 0.015973
1991 1990.000000 0.015970
1992 1991.000000 0.015968
1993 1992.000000 0.015968
1994 1993.000000 0.015969
1995 1994.000000 0.015971
1996 1995.000000 0.015975
1997 1996.000000 0.015980
1998 1997.000000 0.015987
1999 1998.000000 0.015995
2000 1999.000000 0.016004
